ur3@ur3-4:~/catkin_kmajid2/src/lab4pkg_py/scripts$ rosrun lab4pkg_py lab4_exec.py 0.15 -0.1 0.25 -45
262.169787207
-212.169787207
240.0
337.266980191
-58.0180182465
124.905008683
-200.029746976
381.0
328.715927313
0.770717485344
0.704533477102
-84.5256538707


theta 1: -58.0180182465
theta 2: -84.5256538707
theta 3: 88.2638609128
theta 4: -3.73820704205
theta 5: -90.0
theta 6: 76.9819817535


Foward kinematics calculated:

[[  7.07106781e-01   7.07106781e-01   5.88032451e-17   1.48763241e+02]
 [ -7.07106781e-01   7.07106781e-01  -9.41707492e-17  -9.98588921e+01]
 [  6.93889390e-17   7.63278329e-17   1.00000000e+00   2.50000000e+02]
 [  0.00000000e+00   0.00000000e+00   0.00000000e+00   1.00000000e+00]]


xWgrip: 0.15, yWgrip: -0.1, zWgrip: 0.25, yaw_WgripDegree: -45

262.169787207
-212.169787207
240.0
337.266980191
-58.0180182465
124.905008683
-200.029746976
381.0
328.715927313
0.770717485344
0.704533477102
-84.5256538707


theta 1: -58.0180182465
theta 2: -84.5256538707
theta 3: 88.2638609128
theta 4: -3.73820704205
theta 5: -90.0
theta 6: 76.9819817535


Foward kinematics calculated:

[[  7.07106781e-01   7.07106781e-01   5.88032451e-17   1.48763241e+02]
 [ -7.07106781e-01   7.07106781e-01  -9.41707492e-17  -9.98588921e+01]
 [  6.93889390e-17   7.63278329e-17   1.00000000e+00   2.50000000e+02]
 [  0.00000000e+00   0.00000000e+00   0.00000000e+00   1.00000000e+00]]

[INFO] [1648568915.049089]: Just published again driver_msg
[INFO] [1648568916.748963]: Destination is reached!
ur3@ur3-4:~/catkin_kmajid2/src/lab4pkg_py/scripts$ rosrun lab4pkg_py lab4_exec.py 0.2 0.4 0.05 45
262.169787207
-212.169787207
240.0
337.266980191
-58.0180182465
124.905008683
-200.029746976
381.0
328.715927313
0.770717485344
0.704533477102
-84.5256538707


theta 1: -58.0180182465
theta 2: -84.5256538707
theta 3: 88.2638609128
theta 4: -3.73820704205
theta 5: -90.0
theta 6: 76.9819817535


Foward kinematics calculated:

[[  7.07106781e-01   7.07106781e-01   5.88032451e-17   1.48763241e+02]
 [ -7.07106781e-01   7.07106781e-01  -9.41707492e-17  -9.98588921e+01]
 [  6.93889390e-17   7.63278329e-17   1.00000000e+00   2.50000000e+02]
 [  0.00000000e+00   0.00000000e+00   0.00000000e+00   1.00000000e+00]]


xWgrip: 0.2, yWgrip: 0.4, zWgrip: 0.05, yaw_WgripDegree: 45

312.169787207
212.169787207
40.0
377.446677887
17.2587371798
265.542478575
82.4975307682
181.0
279.570475034
0.103917483558
0.827483239947
-53.3653304923


theta 1: 17.2587371798
theta 2: -53.3653304923
theta 3: 104.910232269
theta 4: -51.5449017772
theta 5: -90.0
theta 6: 62.2587371798


Foward kinematics calculated:

[[  7.07106781e-01  -7.07106781e-01   0.00000000e+00   1.99752132e+02]
 [  7.07106781e-01   7.07106781e-01   0.00000000e+00   3.98996206e+02]
 [ -1.11022302e-16   1.66533454e-16   1.00000000e+00   5.00000000e+01]
 [  0.00000000e+00   0.00000000e+00   0.00000000e+00   1.00000000e+00]]

[INFO] [1648568925.816537]: Just published again driver_msg
[INFO] [1648568927.516422]: Destination is reached!
